x = [2
2.3
2.5
2.8
3.2
3.6
4
4.5
5.1
5.7
6.4
7.2
8.1
9.1
10.2
11.5
12.9
14.5
16.3
18.3
20.6
23.1
26
29.2
32.7
36.8
41.3
46.4
52.1
58.6
63
73.9
83
93.3
104.8
117.7
125
148.5
166.8
187.4
210.5
236.4
265.6
298.4
335.2
376.5
422.9
475.1
533.7
599.5
673.4
756.5
849.8
954.5
1072.3
1204.5
1353
1519.9
1707.4
1917.9
2154.4
2420.1
2718.6
3053.9
3430.5
3853.5
4328.8
4862.6
5462.3
6135.9
6892.6
7742.6
8697.5
9770.1
10975
12328.5
13848.9
15556.8
17475.3
19630.4
22051.3
24770.8
27825.6
31257.2
35111.9
39442.1
44306.2
49770.2
55908.1
62802.9
70548
79248.3
89021.5
100000
1000000
    ];
%Day 1
D1_Room_M2 = [0
0
0
0
0
0
0
0
0
0
0
0
0.001
0.001
0.001
0.003
0.015
0.017
0.067
0.103
0.225
0.384
0.669
1.123
1.59
2.237
2.516
2.51
2.681
2.036
1.263
2.615
2.148
2.03
2.36
3.078
1.939
7.283
6.494
7.532
8.27
7.929
7.332
6.138
5.311
3.931
2.69
1.839
0.883
0.873
0.706
0.162
0.12
0.308
0.122
0.141
0
0.325
0
0
0
0
0
0
0
0
0
0
0
0
0
0
0
0
0
0
0
0
0
0
0
0
0
0
0
0
0
0
0
0
0
0
0
0
0];

D1_Room_M16 = [0
0
0
0
0
0
0
0
0
0
0
0
0
0
0
0.001
0.005
0.007
0.008
0.02
0.062
0.068
0.149
0.25
0.363
0.521
0.63
0.825
0.728
0.665
0.389
0.777
0.548
0.465
0.436
0.5
0.264
0.799
0.598
0.671
0.752
0.84
0.963
1.155
1.326
1.609
1.965
2.504
3.455
5.569
9.453
12.687
13.348
11.836
8.647
6.246
3.524
2.525
1.242
0.094
0.301
0.205
0
0
0
0
0
0
0
0
0
0
0
0
0
0
0
0
0
0
0
0
0
0
0
0
0
0
0
0
0
0
0
0
0];

%Day 7 
D7_Room_M2 = [0
0
0
0
0
0
0
0
0
0
0
0
0
0.002
0.003
0.011
0.019
0.036
0.079
0.149
0.339
0.61
1.146
1.768
2.683
3.467
3.908
3.522
3.51
3.304
1.677
3.054
1.942
1.529
2.325
2.7
1.651
6.115
5.473
6.552
7.362
7.37
7.057
6.067
4.964
3.769
2.363
1.494
0.883
0.448
0.291
0.211
0.148
0
0
0
0
0
0
0
0
0
0
0
0
0
0
0
0
0
0
0
0
0
0
0
0
0
0
0
0
0
0
0
0
0
0
0
0
0
0
0
0
0
0];
D7_Room_M16 =[0
0
0
0
0
0
0
0
0
0
0
0
0
0
0.001
0.001
0.001
0.005
0.01
0.011
0.048
0.057
0.153
0.231
0.352
0.546
0.652
0.644
0.776
0.684
0.411
0.821
0.542
0.468
0.55
0.575
0.306
0.934
0.694
0.753
0.835
0.913
1.001
1.137
1.339
1.635
2.014
2.45
3.306
5.224
8.776
12.429
13.242
11.533
9.103
7.598
3.673
2.02
1.379
0.166
0
0
0
0
0
0
0
0
0
0
0
0
0
0
0
0
0
0
0
0
0
0
0
0
0
0
0
0
0
0
0
0
0
0
0];
D7_Dry_M2 =[0
0
0
0
0
0
0
0
0
0
0
0
0
0.001
0.002
0.005
0.01
0.029
0.067
0.144
0.281
0.471
0.848
1.402
2.162
2.41
3.46
3.802
3.603
2.556
1.74
3.077
1.981
1.909
1.937
2.545
1.553
5.806
5.351
6.611
7.458
7.54
7.092
6.463
5.563
4.386
2.992
1.829
1.119
0.537
0.502
0.495
0.124
0.138
0
0
0
0
0
0
0
0
0
0
0
0
0
0
0
0
0
0
0
0
0
0
0
0
0
0
0
0
0
0
0
0
0
0
0
0
0
0
0
0
0];
D7_Dry_M16 =[0
0
0
0
0
0
0
0
0
0
0
0
0
0
0
0.002
0.002
0.002
0.011
0.017
0.03
0.076
0.11
0.203
0.299
0.414
0.464
0.556
0.718
0.633
0.417
0.823
0.512
0.449
0.475
0.513
0.272
0.827
0.607
0.668
0.758
0.878
0.971
1.069
1.316
1.535
1.917
2.456
3.174
4.933
9.426
11.792
12.735
12.426
9.509
7.019
4.625
2.872
0.833
0.305
0.349
0
0
0
0
0
0
0
0
0
0
0
0
0
0
0
0
0
0
0
0
0
0
0
0
0
0
0
0
0
0
0
0
0
0];
D7_Moist_M2 =[0
0
0
0
0
0
0
0
0
0
0
0
0.001
0.001
0.002
0.005
0.008
0.021
0.046
0.096
0.197
0.36
0.678
0.987
1.456
2.119
2.245
2.387
2.403
2.488
1.554
2.904
1.839
1.868
1.742
2.511
1.513
5.458
4.818
6.034
6.96
7.47
7.731
7.507
6.792
5.628
4.375
3.078
2.081
1.354
0.617
0.418
0.207
0.041
0
0
0
0
0
0
0
0
0
0
0
0
0
0
0
0
0
0
0
0
0
0
0
0
0
0
0
0
0
0
0
0
0
0
0
0
0
0
0
0
0];
D7_Moist_M16 =[0
0
0
0
0
0
0
0
0
0
0
0
0
0
0
0.002
0.004
0.004
0.005
0.04
0.046
0.083
0.164
0.25
0.377
0.508
0.656
0.761
0.781
0.705
0.361
0.871
0.565
0.492
0.507
0.631
0.352
1.15
0.921
1.048
1.177
1.306
1.384
1.444
1.623
1.735
2.077
2.431
3.1
4.787
8.294
11.35
12.718
11.718
9.412
6.05
3.78
2.143
1.58
0.153
0.256
0.2
0
0
0
0
0
0
0
0
0
0
0
0
0
0
0
0
0
0
0
0
0
0
0
0
0
0
0
0
0
0
0
0
0];
D7_Freeze_M2 =[0
0
0
0
0
0
0
0
0
0
0
0
0.001
0.001
0.002
0.01
0.012
0.03
0.058
0.113
0.254
0.447
0.893
1.562
2.173
2.798
3.182
3.059
2.895
2.748
1.636
2.955
1.998
2.155
2.204
2.758
1.696
6.315
5.628
6.724
7.369
7.529
7.09
6.264
5.214
4.137
2.998
1.699
1.06
0.823
0.354
0.257
0.276
0.112
0.078
0
0.171
0.262
0
0
0
0
0
0
0
0
0
0
0
0
0
0
0
0
0
0
0
0
0
0
0
0
0
0
0
0
0
0
0
0
0
0
0
0
0];
D7_Freeze_M16 =[0
0
0
0
0
0
0
0
0
0
0
0
0
0.001
0.001
0.001
0.003
0.008
0.009
0.01
0.066
0.076
0.14
0.252
0.373
0.547
0.6
0.776
0.724
0.767
0.458
0.867
0.664
0.665
0.642
0.649
0.34
1.037
0.771
0.846
0.944
1.056
1.139
1.273
1.514
1.725
2.128
2.727
3.484
5.423
9.121
12.757
13.26
10.533
8.31
5.244
3.34
2.32
0.746
0.905
0.254
0
0.504
0
0
0
0
0
0
0
0
0
0
0
0
0
0
0
0
0
0
0
0
0
0
0
0
0
0
0
0
0
0
0
0];

%Day 16
D16_Room_M2 = [0
0
0
0
0
0
0
0
0
0
0
0
0
0.001
0.002
0.004
0.011
0.022
0.051
0.107
0.25
0.426
0.842
1.269
1.874
2.752
3.08
2.917
2.869
2.863
1.593
3.252
2.23
2.384
2.551
3.087
1.889
6.917
6.014
6.997
7.845
7.743
7.099
6.261
5.136
3.961
2.489
1.645
0.832
0.506
0.23
0
0
0
0
0
0
0
0
0
0
0
0
0
0
0
0
0
0
0
0
0
0
0
0
0
0
0
0
0
0
0
0
0
0
0
0
0
0
0
0
0
0
0
0];
D16_Room_M16 = [0
0
0
0
0
0
0
0
0
0
0
0
0
0
0.002
0.003
0.003
0.008
0.023
0.026
0.094
0.122
0.255
0.405
0.618
0.85
0.999
1.077
1.06
0.96
0.562
1.142
0.762
0.712
0.948
0.897
0.512
1.724
1.415
1.631
1.809
1.872
1.966
2.009
2.113
2.237
2.339
2.65
3.281
5.146
8.171
11.037
10.939
9.439
6.922
4.814
2.434
1.62
1.454
0.938
0
0
0
0
0
0
0
0
0
0
0
0
0
0
0
0
0
0
0
0
0
0
0
0
0
0
0
0
0
0
0
0
0
0
0];

D16_Dry_M2 =[0
0
0
0
0
0
0
0
0
0
0
0
0.001
0.001
0.004
0.005
0.013
0.026
0.05
0.124
0.249
0.472
0.854
1.486
2.172
3.059
3.518
3.202
3.44
2.829
1.678
3.19
2.156
2.593
2.295
2.862
1.74
6.363
5.679
6.795
7.416
7.402
6.944
6.263
5.012
3.856
2.506
1.523
0.978
0.372
0.174
0.259
0.231
0.207
0
0
0
0
0
0
0
0
0
0
0
0
0
0
0
0
0
0
0
0
0
0
0
0
0
0
0
0
0
0
0
0
0
0
0
0
0
0
0
0
0];
D16_Dry_M16 = [0
0
0
0
0
0
0
0
0
0
0
0
0
0
0.001
0.001
0.001
0.006
0.013
0.014
0.061
0.073
0.147
0.216
0.379
0.463
0.695
0.602
0.636
0.681
0.362
0.777
0.519
0.387
0.458
0.491
0.257
0.773
0.574
0.636
0.714
0.813
0.911
1.078
1.322
1.625
1.962
2.44
3.465
5.219
8.821
12.65
13.344
12.614
9.438
6.607
3.56
2.695
1.096
0.402
0
0
0
0
0
0
0
0
0
0
0
0
0
0
0
0
0
0
0
0
0
0
0
0
0
0
0
0
0
0
0
0
0
0
0];
D16_Moist_M2 =[0
0
0
0
0
0
0
0
0
0
0
0
0
0
0.001
0.001
0.004
0.006
0.015
0.025
0.053
0.105
0.191
0.311
0.46
0.599
0.876
0.971
0.822
0.939
0.589
1.402
0.962
1.045
1.181
1.365
0.795
2.782
2.462
3.137
3.96
4.791
5.655
6.461
7.401
8.081
8.246
7.587
7.089
5.998
5.021
3.646
2.456
1.597
0.61
0.302
0
0
0
0
0
0
0
0
0
0
0
0
0
0
0
0
0
0
0
0
0
0
0
0
0
0
0
0
0
0
0
0
0
0
0
0
0
0
0];
