x = [2
2.3
2.5
2.8
3.2
3.6
4
4.5
5.1
5.7
6.4
7.2
8.1
9.1
10.2
11.5
12.9
14.5
16.3
18.3
20.6
23.1
26
29.2
32.7
36.8
41.3
46.4
52.1
58.6
63
73.9
83
93.3
104.8
117.7
125
148.5
166.8
187.4
210.5
236.4
265.6
298.4
335.2
376.5
422.9
475.1
533.7
599.5
673.4
756.5
849.8
954.5
1072.3
1204.5
1353
1519.9
1707.4
1917.9
2154.4
2420.1
2718.6
3053.9
3430.5
3853.5
4328.8
4862.6
5462.3
6135.9
6892.6
7742.6
8697.5
9770.1
10975
12328.5
13848.9
15556.8
17475.3
19630.4
22051.3
24770.8
27825.6
31257.2
35111.9
39442.1
44306.2
49770.2
55908.1
62802.9
70548
79248.3
89021.5
100000
1000000
    ];

M20 = [0
0
0
0
0
0
0
0
0
0.002
0.004
0.005
0.005
0.006
0.007
0.024
0.038
0.044
0.055
0.112
0.178
0.252
0.329
0.384
0.476
0.443
0.399
0.445
0.402
0.343
0.184
0.391
0.263
0.263
0.219
0.288
0.155
0.484
0.367
0.408
0.536
0.601
0.672
0.738
0.899
1.113
1.357
1.629
1.883
2.965
4.193
8.444
13.69
14.001
10.682
9.526
8.561
5.393
2.904
1.682
1.681
0
0
0
0
0
0
0
0
0
0
0
0
0
0
0
0
0
0
0
0
0
0
0
0
0
0
0
0
0
0
0
0
0
0];
M18 = [0.001
0
0
0
0
0
0
0
0
0
0.005
0.006
0.006
0.007
0.008
0.014
0.054
0.061
0.069
0.125
0.196
0.293
0.367
0.409
0.431
0.491
0.389
0.365
0.39
0.307
0.189
0.422
0.281
0.31
0.341
0.317
0.175
0.557
0.418
0.473
0.536
0.601
0.737
0.878
0.99
1.228
1.551
1.904
2.786
3.722
6.59
12.15
15.071
13.134
10.966
7.502
6.751
3.141
0.838
0.762
0
0.685
0
0
0
0
0
0
0
0
0
0
0
0
0
0
0
0
0
0
0
0
0
0
0
0
0
0
0
0
0
0
0
0
0];
M16=[0.001
0
0
0
0
0
0
0.001
0.002
0.002
0.002
0.002
0.003
0.016
0.021
0.025
0.038
0.071
0.139
0.193
0.299
0.376
0.497
0.625
0.609
0.673
0.654
0.59
0.498
0.383
0.229
0.448
0.345
0.353
0.424
0.379
0.207
0.658
0.504
0.596
0.685
0.766
0.869
1.052
1.218
1.442
1.975
2.636
3.819
6.701
11.131
13.685
13.124
11.39
8.104
5.256
3.891
1.779
0.614
0
0
0
0
0
0
0
0
0
0
0
0
0
0
0
0
0
0
0
0
0
0
0
0
0
0
0
0
0
0
0
0
0
0
0
0];

M14=[0.001
0
0
0
0
0
0
0
0
0.006
0.007
0.009
0.01
0.011
0.012
0.06
0.07
0.13
0.178
0.298
0.462
0.585
0.756
0.919
0.938
0.985
0.914
0.809
0.576
0.572
0.366
0.576
0.431
0.356
0.325
0.456
0.248
0.781
0.609
0.694
0.795
0.922
1.099
1.305
1.604
2.119
2.673
3.775
6.285
10.51
13.28
12.736
11.922
8.707
4.469
2.439
0.979
0.416
0
0
0.811
0
0
0
0
0
0
0
0
0
0
0
0
0
0
0
0
0
0
0
0
0
0
0
0
0
0
0
0
0
0
0
0
0
0];
M12=[0.001
0
0
0
0
0
0.001
0.001
0.001
0.001
0.001
0.005
0.012
0.013
0.015
0.062
0.069
0.103
0.186
0.3
0.448
0.617
0.831
0.906
0.823
0.991
0.874
0.783
0.759
0.584
0.339
0.753
0.547
0.482
0.515
0.56
0.306
0.954
0.725
0.812
0.941
1.122
1.294
1.635
2.044
2.665
4.02
6.801
10.383
12.942
12.666
10.664
7.405
5.436
3.505
1.282
0.733
0.082
0
0
0
0
0
0
0
0
0
0
0
0
0
0
0
0
0
0
0
0
0
0
0
0
0
0
0
0
0
0
0
0
0
0
0
0
0];

M10=[0.001
0
0
0
0
0.001
0.001
0.001
0.001
0.001
0.004
0.008
0.009
0.01
0.037
0.044
0.086
0.132
0.211
0.349
0.528
0.697
0.974
1.026
1.033
1.105
1.069
0.793
0.633
0.649
0.498
0.725
0.434
0.74
0.618
0.624
0.343
1.071
0.834
1.014
1.161
1.401
1.644
2.095
2.783
4.357
7.022
10.54
12.666
12.387
9.623
7.552
5.796
2.349
1.175
1.112
0.033
0
0
0
0
0
0
0
0
0
0
0
0
0
0
0
0
0
0
0
0
0
0
0
0
0
0
0
0
0
0
0
0
0
0
0
0
0
0];

M8=[0.001
0
0
0
0
0
0
0
0
0.002
0.004
0.005
0.006
0.022
0.026
0.052
0.087
0.138
0.257
0.397
0.579
0.791
1.009
1.221
1.157
1.208
1.16
1.071
0.936
0.774
0.439
1.048
0.656
0.534
0.677
0.719
0.403
1.307
1.036
1.184
1.449
1.915
2.43
3.546
5.636
9.131
11.576
12.309
11.409
8.529
5.936
3.703
2.103
0.794
0.44
0.183
0
0
0
0
0
0
0
0
0
0
0
0
0
0
0
0
0
0
0
0
0
0
0
0
0
0
0
0
0
0
0
0
0
0
0
0
0
0
0];

M6 = [0.001
0
0
0
0
0
0
0
0
0.001
0.002
0.002
0.002
0.012
0.017
0.031
0.068
0.094
0.175
0.31
0.558
0.795
1.13
1.589
1.747
2.124
2.072
1.459
1.306
1.196
0.789
1.436
0.934
0.863
0.893
0.967
0.529
1.704
1.335
1.653
2.151
2.903
4.274
6.421
8.922
10.598
10.649
9.614
7.121
4.828
3.101
1.625
0.914
0.652
0.334
0.097
0
0
0
0
0
0
0
0
0
0
0
0
0
0
0
0
0
0
0
0
0
0
0
0
0
0
0
0
0
0
0
0
0
0
0
0
0
0
0
];

M4 = [0.001
0
0
0
0
0
0
0.001
0.001
0.001
0.001
0.001
0.006
0.017
0.018
0.022
0.065
0.118
0.186
0.318
0.578
0.799
1.202
1.644
1.868
1.939
1.718
1.716
1.447
1.196
0.697
1.514
1.019
0.881
0.875
1.187
0.701
2.625
2.699
4.058
5.935
7.736
9.014
9.407
8.846
7.789
6.162
4.664
3.134
2.101
1.38
1.001
0.471
0.599
0.084
0
0.297
0
0.26
0
0
0
0
0
0
0
0
0
0
0
0
0
0
0
0
0
0
0
0
0
0
0
0
0
0
0
0
0
0
0
0
0
0
0
0];
M2 =[0
0
0
0
0
0
0
0
0
0
0
0
0
0.001
0.003
0.003
0.016
0.019
0.071
0.118
0.204
0.405
0.745
1.216
1.779
2.68
2.725
2.691
2.7
2.641
1.542
3.473
2.387
2.504
2.98
3.874
2.379
8.403
6.929
7.628
7.761
7.243
6.361
5.185
4.139
2.908
2.334
1.467
0.869
0.667
0.268
0.187
0.156
0.155
0.074
0.107
0
0
0
0
0
0
0
0
0
0
0
0
0
0
0
0
0
0
0
0
0
0
0
0
0
0
0
0
0
0
0
0
0
0
0
0
0
0
0];

AP10Q = [0
0
0
0
0
0
0
0
0
0.001
0.003
0.004
0.004
0.005
0.006
0.015
0.046
0.053
0.059
0.122
0.183
0.263
0.348
0.435
0.479
0.436
0.411
0.253
0.268
0.297
0.194
0.38
0.285
0.35
0.267
0.306
0.169
0.534
0.4
0.477
0.534
0.587
0.676
0.803
0.905
1.03
1.292
1.486
1.753
2.369
3.093
5.316
8.271
11.522
13.934
10.869
8.576
7.594
4.153
2.317
4.073
1.793
0
0
0
0
0
0
0
0
0
0
0
0
0
0
0
0
0
0
0
0
0
0
0
0
0
0
0
0
0
0
0
0
0];
AP9Q = [0
0
0
0
0
0
0
0
0
0.003
0.004
0.005
0.005
0.006
0.006
0.047
0.051
0.058
0.115
0.182
0.289
0.395
0.528
0.635
0.714
0.672
0.629
0.611
0.538
0.423
0.262
0.428
0.293
0.342
0.353
0.379
0.211
0.67
0.513
0.598
0.691
0.787
0.847
1.003
1.264
1.402
1.536
1.972
2.429
3.086
4.683
8.454
11.2
11.98
12.109
10.136
7.431
3.185
4.212
0.721
0.901
0
0
0
0
0
0
0
0
0
0
0
0
0
0
0
0
0
0
0
0
0
0
0
0
0
0
0
0
0
0
0
0
0
0];
AP8Q=[0.001
0
0
0
0
0
0
0.001
0.002
0.002
0.002
0.002
0.003
0.017
0.027
0.032
0.044
0.095
0.168
0.265
0.417
0.512
0.642
0.806
0.795
0.958
0.753
0.782
0.959
0.546
0.241
0.491
0.469
0.539
0.396
0.485
0.27
0.841
0.638
0.748
0.854
0.965
1.093
1.324
1.484
1.848
2.19
2.648
3.843
5.243
8.648
11.33
12.747
10.567
9.506
5.928
4.043
1.804
0.981
0
0
0
0
0
0
0
0
0
0
0
0
0
0
0
0
0
0
0
0
0
0
0
0
0
0
0
0
0
0
0
0
0
0
0
0];
AP7Q=[0.001
0
0
0
0
0
0.001
0.001
0.001
0.001
0.001
0.002
0.014
0.021
0.023
0.038
0.08
0.148
0.224
0.351
0.507
0.704
0.985
1.134
1.206
1.133
1.021
0.831
0.649
0.555
0.329
0.79
0.473
0.577
0.552
0.573
0.319
1.019
0.8
0.892
1.018
1.166
1.327
1.548
1.906
2.198
2.983
3.853
5.405
8.196
11.115
11.553
11.485
8.698
6.125
3.494
1.497
0.474
0
0
0
0
0
0
0
0
0
0
0
0
0
0
0
0
0
0
0
0
0
0
0
0
0
0
0
0
0
0
0
0
0
0
0
0
0];
